
　　002520 日发数码0.60 7.44 7.91
　　300076 宁波GQY0.11 9.79 1.16
　　000793 华闻传媒 0.0854 1.86 4.65
　　000806 银河科技 0.003730 1.6005 0.24
　　000833 贵糖股份 0.21 2.90 7.31
　　000548 湖南投资 0.064 2.88 2.24
　　000533 万 家 乐 0.11 1.47 7.40
　　000963 华东医药 0.4461 3.0894 15.42
　　000930 中粮生化 0.187 2.690 7.13
　　000862 银星能源 0.1009 1.2696 8.28
　　002439 启明星辰 -0.24 9.67 -2.40
　　002029 七 匹 狼 0.62 6.10 10.41
　　000976 春晖股份 0.0147 1.20 1.22
　　002320 海峡股份 0.41 5.49 7.28
　　000038 *ST 大通 -0.090 1.49 -5.91
　　000802 北京旅游 0.04 4.25 1.08
　　000752 西藏发展 0.05 2.266 2.21
　　000593 大通燃气 0.031 1.293 2.43
　　000823 超声电子 0.181 3.859 4.71
　　注：启明星辰中期拟每10股转增10股。
　　制表 刘新平

